[ 22.34027778  18.84027778  15.52083333  12.02083333  12.72222222
  12.72222222   7.64583333  11.14583333   5.71527778   9.21527778]

[ 22.34027778  18.84027778  15.52083333  12.02083333  12.72222222
  12.72222222   7.64583333  11.14583333   5.71527778   9.21527778]

[ 22.34027778  18.84027778  15.52083333  12.02083333  12.72222222
  12.72222222   7.64583333  11.14583333   5.71527778   9.21527778]

[ 24.47916667  24.47916667  18.4375      18.4375      15.83333333
  15.83333333  14.0625      14.0625      11.35416667  11.35416667]
[ 24.47916667  24.47916667  18.4375      18.4375      15.83333333
  15.83333333  14.0625      14.0625      11.35416667  11.35416667]

[ 24.58716067  24.17586016  19.17278251  18.05377999  19.05018939
  17.51231061  24.51566446  17.94527304  21.06719539  14.75311711]
[ 25.90195358  27.57630683  21.0315075   23.18403021  20.04004622
  19.18492052  24.94375686  18.51560567  21.21937554  14.9337453 ]
[ 25.90198492  27.57638322  21.03155646  23.18416836  20.04007255
  19.18496547  24.94376828  18.51562098  21.21937961  14.93375015]
[ 25.90198492  27.57638322  21.03155646  23.18416836  20.04007255
  19.18496547  24.94376828  18.51562098  21.21937961  14.93375015]
